<?xml version="1.0"?>
<opencv_storage>
<left_camera_intrinsic type_id="opencv-matrix">
  <rows>3</rows>
  <cols>3</cols>
  <dt>d</dt>
  <data>
    4.2338176168938872e+02 0. 3.4157227425404449e+02 0.
    4.2128118600736929e+02 2.6906850819498266e+02 0. 0. 1.</data></left_camera_intrinsic>
<distort_coefficients type_id="opencv-matrix">
  <rows>1</rows>
  <cols>5</cols>
  <dt>d</dt>
  <data>
    -4.3260915658249766e-01 2.6434646196756040e-01
    -3.4101773230481286e-04 5.0611619598093583e-04
    -1.0793532331823619e-01</data></distort_coefficients>
</opencv_storage>
