<?xml version="1.0"?>
<opencv_storage>
<camera_intrinsic type_id="opencv-matrix">
  <rows>3</rows>
  <cols>3</cols>
  <dt>d</dt>
  <data>
    4.2338174732289502e+02 0. 3.4157227022490190e+02 0.
    4.2128117344738922e+02 2.6906849825770530e+02 0. 0. 1.</data></camera_intrinsic>
<distort_coefficients type_id="opencv-matrix">
  <rows>1</rows>
  <cols>5</cols>
  <dt>d</dt>
  <data>
    -4.3260914163865827e-01 2.6434652208550580e-01
    -3.4100965513173063e-04 5.0611732653624883e-04
    -1.0793541416312376e-01</data></distort_coefficients>
</opencv_storage>
