<?xml version="1.0"?>
<opencv_storage>
<left_camera_intrinsic type_id="opencv-matrix">
  <rows>3</rows>
  <cols>3</cols>
  <dt>d</dt>
  <data>
    4.2338176168941789e+02 0. 3.4157227425294690e+02 0.
    4.2128118600738139e+02 2.6906850819504092e+02 0. 0. 1.</data></left_camera_intrinsic>
<distort_coefficients type_id="opencv-matrix">
  <rows>1</rows>
  <cols>5</cols>
  <dt>d</dt>
  <data>
    -4.3260915658212179e-01 2.6434646196452394e-01
    -3.4101773233744014e-04 5.0611619621885695e-04
    -1.0793532331447700e-01</data></distort_coefficients>
</opencv_storage>
