<?xml version="1.0"?>
<opencv_storage>
<camera_intrinsic type_id="opencv-matrix">
  <rows>3</rows>
  <cols>3</cols>
  <dt>d</dt>
  <data>
    4.2196780689138990e+02 0. 3.4589599351230146e+02 0.
    4.2003877046899402e+02 2.6755598181634588e+02 0. 0. 1.</data></camera_intrinsic>
<distort_coefficients type_id="opencv-matrix">
  <rows>1</rows>
  <cols>5</cols>
  <dt>d</dt>
  <data>
    -4.1683395259456602e-01 2.0759100192656219e-01
    -6.6185117057638361e-04 2.9225169832889501e-05
    -5.6177581850100217e-02</data></distort_coefficients>
</opencv_storage>
