<?xml version="1.0"?>
<opencv_storage>
<camera_intrinsic type_id="opencv-matrix">
  <rows>3</rows>
  <cols>3</cols>
  <dt>d</dt>
  <data>
    4.2196779322455649e+02 0. 3.4589604514872224e+02 0.
    4.2003875378186189e+02 2.6755598614977129e+02 0. 0. 1.</data></camera_intrinsic>
<distort_coefficients type_id="opencv-matrix">
  <rows>1</rows>
  <cols>5</cols>
  <dt>d</dt>
  <data>
    -4.1683403124285845e-01 2.0759114604853096e-01
    -6.6186456420480730e-04 2.9221020354225772e-05
    -5.6177635073960674e-02</data></distort_coefficients>
</opencv_storage>
