<?xml version="1.0"?>
<opencv_storage>
<translation_vector type_id="opencv-matrix">
  <rows>3</rows>
  <cols>1</cols>
  <dt>d</dt>
  <data>
    -2.4462687593294961e+00 -4.5426220362087912e-02
    3.1787455003429867e-02</data></translation_vector>
<rotation_matrix type_id="opencv-matrix">
  <rows>3</rows>
  <cols>3</cols>
  <dt>d</dt>
  <data>
    9.9997822432985251e-01 -6.5452965679108407e-03
    8.4259062020055416e-04 6.5461761378740584e-03 9.9997802712026418e-01
    -1.0453968797124026e-03 -8.3572967344929406e-04
    1.0508898621067379e-03 9.9999909859279901e-01</data></rotation_matrix>
<fundamental_matrix type_id="opencv-matrix">
  <rows>3</rows>
  <cols>3</cols>
  <dt>d</dt>
  <data>
    -4.7923006058433534e-08 -9.0124112553864683e-06
    -2.9724909470826041e-03 8.4168209614251857e-06
    6.7195733658029286e-07 2.9004273648870399e-01 1.2606730523811623e-03
    -2.8932268304614517e-01 1.</data></fundamental_matrix>
<essential_matrix type_id="opencv-matrix">
  <rows>3</rows>
  <cols>3</cols>
  <dt>d</dt>
  <data>
    -1.7012223911795453e-04 -3.1834494495956309e-02
    -4.5392948908291174e-02 2.9742343418891232e-02
    2.3627007190312253e-03 2.4462933380566469e+00 2.9411524996547735e-02
    -2.4465123358444751e+00 2.5955974351292445e-03</data></essential_matrix>
</opencv_storage>
