<?xml version="1.0"?>
<opencv_storage>
<rectification_rotation_matrix_1 type_id="opencv-matrix">
  <rows>3</rows>
  <cols>3</cols>
  <dt>d</dt>
  <data>
    9.9985387401905845e-01 1.2007151440594310e-02
    -1.2167946554920282e-02 -1.2013315241899171e-02
    9.9992774351643632e-01 -4.3359315786586694e-04
    1.2161861123179943e-02 5.7970717645119019e-04 9.9992587378945752e-01</data></rectification_rotation_matrix_1>
<rectification_rotation_matrix_2 type_id="opencv-matrix">
  <rows>3</rows>
  <cols>3</cols>
  <dt>d</dt>
  <data>
    9.9974325856615354e-01 1.8564827513713501e-02
    -1.2990924944553558e-02 -1.8558242613222118e-02
    9.9982758422374474e-01 6.2726104550139903e-04 1.3000330097260785e-02
    -3.8601126470998946e-04 9.9991541762924419e-01</data></rectification_rotation_matrix_2>
<rectified_projection_matrix_1 type_id="opencv-matrix">
  <rows>3</rows>
  <cols>4</cols>
  <dt>d</dt>
  <data>
    4.2065996989461559e+02 0. 3.2025787734985352e+02 0. 0.
    4.2065996989461559e+02 2.4532606315612793e+02 0. 0. 0. 1. 0.</data></rectified_projection_matrix_1>
<rectified_projection_matrix_2 type_id="opencv-matrix">
  <rows>3</rows>
  <cols>4</cols>
  <dt>d</dt>
  <data>
    4.2065996989461559e+02 0. 3.2025787734985352e+02
    -1.0293116095922064e+03 0. 4.2065996989461559e+02
    2.4532606315612793e+02 0. 0. 0. 1. 0.</data></rectified_projection_matrix_2>
<disparity_depth_matrix type_id="opencv-matrix">
  <rows>4</rows>
  <cols>4</cols>
  <dt>d</dt>
  <data>
    1. 0. 0. -3.2025787734985352e+02 0. 1. 0. -2.4532606315612793e+02 0.
    0. 0. 4.2065996989461559e+02 0. 0. 4.0868087562062283e-01 0.</data></disparity_depth_matrix>
</opencv_storage>
