<?xml version="1.0"?>
<opencv_storage>
<rectification_rotation_matrix_1 type_id="opencv-matrix">
  <rows>3</rows>
  <cols>3</cols>
  <dt>d</dt>
  <data>
    9.9985387401905845e-01 1.2007151440594567e-02
    -1.2167946554919998e-02 -1.2013315241899426e-02
    9.9992774351643632e-01 -4.3359315786570523e-04
    1.2161861123179660e-02 5.7970717645102810e-04 9.9992587378945752e-01</data></rectification_rotation_matrix_1>
<rectification_rotation_matrix_2 type_id="opencv-matrix">
  <rows>3</rows>
  <cols>3</cols>
  <dt>d</dt>
  <data>
    9.9974325856615354e-01 1.8564827513713817e-02
    -1.2990924944553154e-02 -1.8558242613222441e-02
    9.9982758422374474e-01 6.2726104550123532e-04 1.3000330097260379e-02
    -3.8601126470982921e-04 9.9991541762924419e-01</data></rectification_rotation_matrix_2>
<rectified_projection_matrix_1 type_id="opencv-matrix">
  <rows>3</rows>
  <cols>4</cols>
  <dt>d</dt>
  <data>
    2.5697889254585010e+02 0. 2.8268446707725525e+02 0. 0.
    2.5697889254585010e+02 1.7787659478187561e+02 0. 0. 0. 1. 0.</data></rectified_projection_matrix_1>
<rectified_projection_matrix_2 type_id="opencv-matrix">
  <rows>3</rows>
  <cols>4</cols>
  <dt>d</dt>
  <data>
    2.5697889254585010e+02 0. 2.8268446707725525e+02
    -6.2880087588048207e+02 0. 2.5697889254585010e+02
    1.7787659478187561e+02 0. 0. 0. 1. 0.</data></rectified_projection_matrix_2>
<disparity_depth_matrix type_id="opencv-matrix">
  <rows>4</rows>
  <cols>4</cols>
  <dt>d</dt>
  <data>
    1. 0. 0. -2.8268446707725525e+02 0. 1. 0. -1.7787659478187561e+02 0.
    0. 0. 2.5697889254585010e+02 0. 0. 4.0868087562062305e-01 0.</data></disparity_depth_matrix>
</opencv_storage>
