<?xml version="1.0"?>
<opencv_storage>
<translation_vector type_id="opencv-matrix">
  <rows>3</rows>
  <cols>1</cols>
  <dt>d</dt>
  <data>
    -2.4462687593294974e+00 -4.5426220362082791e-02
    3.1787455003427285e-02</data></translation_vector>
<rotation_matrix type_id="opencv-matrix">
  <rows>3</rows>
  <cols>3</cols>
  <dt>d</dt>
  <data>
    9.9997822432985251e-01 -6.5452965679109049e-03
    8.4259062020069543e-04 6.5461761378741226e-03 9.9997802712026418e-01
    -1.0453968797127472e-03 -8.3572967344943316e-04
    1.0508898621070834e-03 9.9999909859279901e-01</data></rotation_matrix>
<fundamental_matrix type_id="opencv-matrix">
  <rows>3</rows>
  <cols>3</cols>
  <dt>d</dt>
  <data>
    -4.7923006058427711e-08 -9.0124112553855399e-06
    -2.9724909470821232e-03 8.4168209614241727e-06
    6.7195733658052283e-07 2.9004273648869788e-01 1.2606730523807249e-03
    -2.8932268304613912e-01 1.</data></fundamental_matrix>
<essential_matrix type_id="opencv-matrix">
  <rows>3</rows>
  <cols>3</cols>
  <dt>d</dt>
  <data>
    -1.7012223911793764e-04 -3.1834494495953741e-02
    -4.5392948908286046e-02 2.9742343418888310e-02
    2.3627007190320866e-03 2.4462933380566483e+00 2.9411524996542447e-02
    -2.4465123358444760e+00 2.5955974351300906e-03</data></essential_matrix>
</opencv_storage>
